cv_loss: 1.8191689188512548
epoch: 0
lr: 1.3333333333333336e-07
step: 5142
