cv_loss: 1.825799282254844
epoch: 1
lr: 0.0006857333333333334
step: 10285
