cv_loss: 1.8411104124763618
epoch: 2
lr: 0.0013714666666666668
step: 15428
