cv_loss: 1.8257352703812717
epoch: 3
lr: 0.00197199920567888
step: 20571
