cv_loss: 1.8170590752783207
epoch: 4
lr: 0.0017078014083606445
step: 25714
