cv_loss: 1.8130298915772007
epoch: 5
lr: 0.0015275040164657114
step: 30857
