cv_loss: 1.8079208961014508
epoch: 6
lr: 0.0013944140108300214
step: 36000
